GeneType	Contig	Pos	Strand	Sequence	Productive	Locus	ContigStart	ContigEnd	ContigPos
V	JASFZM010000003.1	128791	+	CAGGTGCAGCTGCAGGAGTCGGGGCCCAGCCTGGTGAAGCCCTCGCAGATCCTCTCCCTCACCTGCACGGTCTCCGGATTCTCAATTACCAGCTATGGTGTAGGCTGGGTCCGCCAGGCTCCAGGAAAGGGGCTGGAGTGGCTTGGTGTGATGTTTAGTGGTGGAAGCGCATATTATAACTCAGCCCTGAAGTCCCGGCTCAGCATCACCAGGGACACCTCCAAGAGCCAAGTCTCCATGTCACTGAGCAGCGTGACCCCCGAGGACACGGCCATGTATTACTGTACAGACACA	True	IGH	76050	1008536	52741
V	JASFZM010000003.1	137509	+	CAGGTGCAGCTGCAGGAGTCGGGGCCCAGCCTGGTGAAGCCCTCGCAGACCCTCTCCCTCACCTGCACGGTCTCCGGATTCTCAATAACCAGCTATGCTGCAGGCTGGGTCCGCCAGTCTCCAGGAAAGGGGCTGGAGTGGCTTGGTTCTATATTGAGTTTGATGGAGTATGAAGAAAGCACAATCTATAACCCAGCCCTGAAGTCCCGGCTCAGCATCACCAGGGACACCTCCAAGAGCCAAGTCTCCATGTCACTGAGCAGCGTGACCCCCGAGGACACGGCCGTGTATCACTGTGCAAGAGGC	True	IGH	76050	1008536	61459
V	JASFZM010000003.1	143395	+	GAGGAGCAGCTGGTGGCGTCTGGGGGAGGTTTGGTGCCGCCTGGGGGGTCTCTGAGTCTCTCCTGTGCATTTTCTAGATTTAGTTTTGAGGATTATGTCATGAGCTGGGTCCGCCAGGCTCCAGGGAGGGGGCTGGAGTGGGTCGCAGCCATTAGTGGTGATGGTAGTTACACATCCTATGCAGACGCCGTGAAGGGCCGATTCATCACCTGCATAAAGAAGTCCACTAACGAGTTGTGTCTGTGCATGGACAACGTGACAGGCGAGGATACAGGCTTGTATTACTGCGGAGGA	True	IGH	76050	1008536	67345
V	JASFZM010000003.1	153849	+	CAGGTGCAGCTGCAGGAGTCGGGGCCCAGCCTGGTGAAGCCCTCGCAGACCCTCTCCCTCACCTGCACGGTCTCCGGATTCTCAATTACCAGCTATGGTGTAAACTGGGTCCGCCAGTCTCCAGGAAAGGGGCTGGAGTACGTTGTTGCTATGGGTTATAGGGGAAGCGCATATTATAACCCAGCCCTGAAGTCCCGGCTCAGCATCACCAGCGACACCTCCAAGAGCCAAGTCTCCATGTCACTGAGCAGCGTGACCCCCGAGGACACGGCCGTCTATTACTGTGCGAAAGG	True	IGH	76050	1008536	77799
V	JASFZM010000003.1	164655	+	GACGTGACACTGCAGGAGTCGGGCCCAGGACTGGTGAAGCCCTCGCAGACCCTCTCCCTCACCTGTGCTGTCTCTGGAGTCTCCATCACCAGTTTCTGCAGGACCAGGATCCGTCAGACCACAGGGAAGGGATTCCAATGTATGGGAGGCATAAGTTACAGTGGAAGCACTGGCTACAGCCCATCCCTCAAGAACCGCACCTCCATCTCCAGAGACACATCCAAGAACCAGATCTCCCTGCAGCTGAGCTCTGTGACCCCCGAGGACACGGCCGTGTATTACTGCGCAAGAGG	True	IGH	76050	1008536	88605
V	JASFZM010000003.1	171359	+	GAGGAGCAGCTGGTGGAGTCTGGGGGAGGCTTGGTGCCGCCTGGGGAGACTCTGAGACCCCCATGTGCAGCCTCTGGATTCACCATTAGTAGCTCCTGGATGAACTGGGTCCACCAGGCTCCAGGGAAGGGGCTGCAGTGGGTCTCATGCATTAATAGTGGTGGTAGCACACACTATGCAGATTCTGTGAAGGGCTGGTTCACCATCTCCAGGGACAATGCCAAGAACGTGGTGACTCCGCAAATGAACAGCCTGAGAGCCGAGGACACGGCCGTGTATTCCCGTGTGGGAGA	True	IGH	76050	1008536	95309
V	JASFZM010000003.1	175799	+	CAGGTGCAGCTGCAGGAGTCGGGGCCCAGCCTGGTGAAGCCCTCGCAGACCCTCTCCCTCACCTGCACGGTCTCCGGATTCTCAATTACCAGCAATGCTGTATGCTGGGTCCGCCAGGCTCCAGGAAAGGGGCTCGAGTGTCTTGGTGCTATGGCTAGCGGTGGAAGCGCATATTATAACTCAGCCCTGAAGTCCCGGCTCAGCATCACCAGGGACACCTCCAAGAGCCAAGTCTCCATGTCACTGAGCAGCGTGACCCCCGAGGACACGGCCGTCTATTTCTGTGCAAGATG	True	IGH	76050	1008536	99749
V	JASFZM010000003.1	186046	+	GAGGAGCAGCTGATGGAGTCTGGGGGAGGCTTGGTGCCGCCTGGGGAGACTCTGAGACCGTCATGTGCAGCCTCTGGATTCACCATTAGTAGCTCCTGGATGAACTGGGTCCACCAGGCTCCAGGGAAGGGGCTGCAGTGGGTCTCATGCATTAATAGTGGTGGTAGCACACACTATGCAGATTCTGTGAAGGGCTGGTTCACCATCTCCAGGGACAATGCCAAGAACGTGGTGACTCCGCAAATGAACAGCCTGAGAGCCGAGGACACGGCCGTGTATTCCTGTGTGAGAGA	True	IGH	76050	1008536	109996
V	JASFZM010000003.1	190453	+	CAGGTGCAGCTGCAGGAGTCGGGGCCCAGCCTGGTGAAGCCCTCGCAGACCCTCTCCCTCACCTGCACCGTCTCCGGATTCTCAATAACCAGCTATGGTGTAAACTGGGTCCGCCAGGCTCCAGGAAAGGGGCTGGAGTACCTTGGTGCTATGGATAGTGGTGGAAGCGCATATTATAACTCAGCCCTGAAGTCCCGGCTCAGCATCACCAGGGACACCTCCAAGAGCCAAGTCTCCATGTCACTGAGCAGCGTGACCCCCGAGGACACGGCCGTCTATTTCTGTGCAAGATG	True	IGH	76050	1008536	114403
V	JASFZM010000003.1	194033	+	GACGTGACACTGCAGGAGTCGGGCCCAGGACTGGTGAAGCCCTCGCAGACCCTCTCCCTCACCTGTGCTGTCTCTGGAGTCTCCATCACCACCAGTAGTTACTACTGGAGCTGCATCCGTCAGACCCCAGGGAAGGGATTCCAGTGTATGGGAAGCATAAGTTACAGTGGAAGCACTGGCTATAGCTCATCCCAAAAGAGCCAAACCTCCATCTCCAGAGACACATCCAAGAACCAGACCTCCCTGCAGCTGAGCTCTGTGATCCCCGAGGACACGGCCGTGTATCACTGTGCAAGCTGCA	True	IGH	76050	1008536	117983
V	JASFZM010000003.1	200760	+	GAGGAGCAGTTGGTGCAGTCTGGGGGAGGCTTGGTGCCGCCTGCGGAGACTCTGAGACCCTCATGTGCAGCCTTTGGATTCACCATTAGTAGCTCCTGGATGAACTGGGTCCACCAGGCTCCAGGGAAGGGGTTGCAGTGGGTCTCATGCATTAATAGTGGTGGTAGCACACACTGTGCAGATTCTGTGAAGGGCTGGTTCACCATCTCCAGGGACAATGCCAAGAACGTGGTGACTCCGCAAATGAACAGCCTGAGAGCCGAGGACACGGCCGTGTATTCCCGTATGAGAGA	True	IGH	76050	1008536	124710
V	JASFZM010000003.1	205192	+	CAGGTGCAGCTGCAGGAGTCGGGGCCCAGCCTGGTGAAGCCCTCGCAGACCCTCTCCCTCACCTGCACGGTCTCCGGATTCTCAATTACCAGCAATGCTGTAGGCTGGGTCCGCCAGGCTCCAGGAAAGGGGCTGGAGTACCTTGGTGCTATGGGTAGTGATGGAAGCGCATATTATAACTCAGCCCTGAAGTCCCGGCTCAGCATCACCAGGGACACCTCCAAGAGCCAAGTCTCCATGTCACTGAGCAGCGTGACCCCCGAGGACACGGCCGTCTATTTCTGTGCAAGATGCA	True	IGH	76050	1008536	129142
V	JASFZM010000003.1	208772	+	GATGTGACACTGCAGGAGTTGGGCCCAGGACTGGTGAAGCCCTCGCAGACCCTCTCCCTCACCTGTGCTGTCTCTGGAGTCTCCATCACCATCAGTTATTATGGTTTCAGCTGGATTCTCCAGGCTTCGGGGAAGGGACTCGAGTGGATGGGGGGCATAGATTATGATGGTGACAAGTACTACAGCCCATCCCTCAAGAGCCGAACCTCCATCTCCAGAGACACGTCCAAGAACCAGATCTCCCTGCAGCTGAGCTCTGTGACCCCCGAGGACACGGCCGTGTATTACTGTGCAAGTTG	True	IGH	76050	1008536	132722
V	JASFZM010000003.1	215475	+	GAGGAGCAGCTGGTGGAGTCCGGAGGAGGCTTGGTGCCACCTGGGGGGTCTCTGGGACTCTCCTGTGCAGCTTCTGGATTCACCTTTGCTGATTATGCCGTGAGCTGGTTCCGCCAGGCTCCAGGGAGGGGGCTGGAGTGGGTCGCAGCCATTAGTGGTGATGGTAGTCACACATCCTATGCAGACGCCGTGAAGGGCGGATCCCCCATCTCCAAAGACAACTCCAAGAACACGGTGACTCTGCAAACACACAGCCTGAGAGCCGAGGACACAGCCGTGTATTACTGTGCACGTGA	True	IGH	76050	1008536	139425
V	JASFZM010000003.1	222062	+	CAGGTGCAGCTGCAGGAGTCGGGGCCCAGCCTGGTGAAGCCCTCGCAGACCCTCTCCCTCACCTGCACGTTCTCCAGATTCTCATTAACCAGCAATGCTGTATGCTGGGTCCGCCAGGCTCCAGGAAAGGGGCTGGAGTGGCTTGGTGTAATGGTTAGTGGTGGAAGCGCATATTATAACTCAGCCCTGAAGTCCCGGCTCAACATCACCAGGGACACCTCCAAGAGCCAAGTCTCCATGTCACTGAGCAGCGTGACCCCCGAGGACACGACCGTCTATTACTGTGCAAGAGG	True	IGH	76050	1008536	146012
V	JASFZM010000003.1	240119	+	CAGGTGCAGCTGCAGGAGGCGGGGCCCAGCCTGGTGAAACCCTCTCAAACCCTCTCCCTCACCTGCACGTTCTCCGGATTCTCAATAACCAGCTATGGTGTAAACTGGGTCCACCAGGCTCCAGGAAAGGGGCTGGAGTGCCTTGGTGCAGGTTATAGTGGAAGTGCATATTATAACCCAGCCCTGAAGTCCCGGCTCAGCATCACCAGCGACACCTCCAAGAGCCAAGTCTCCATGTCACTGAGCAGCGTGACCTCCGAGGACACGGCCGTGTATTACTGTGCAAAATG	True	IGH	76050	1008536	164069
V	JASFZM010000003.1	245282	+	GACGTGACACTGCAGGAGTCGGGCCCAGGACTGGTGAAGCCCTCGCAGACCCTCTCCCTCACCTGTGCTGTCTCTAGAGTCTCCATCACAACCAGTTATTATGGCTTCAGCTGGATCCTCCAGGCCTCGAGAAAGGGACTCGTGTGGATGGGGGGCATAGATTATGATGGTGACAAGTACTACAGCCCATCCCTCAAGAGCCGCACCTCCATCTCCAGAGACACATCGAAGAACCAGATCTCCCTGCAGCTGAGCTCTGTGACCCCCGAGGACACGGCCGTGTATTACTATGCAAGCTG	True	IGH	76050	1008536	169232
V	JASFZM010000003.1	258461	+	GAGGAGCAGCTGGTGGACTCTGGCGGAGGCTTGGTGCTGCCCAGTGGGGGGTGGGTGTCTCTGAGAACCTCCTGTGCAGCTTCTGGATTCACCTTTGCTGAGTGTGCCATGAGCTGGGTCCACCACGCTCCAGGGAAGGGTCTGGAGTGGGACACAGCCATTAGTGGTGATGGTAGTCACACTAAATGTGCAGACTCTGTGAAGGGCCGATTCACCATCTCCAGGGACAACGCCAAGAACATGGTGACTCTGCAAATGAGCAGCCTGAGAGCTGAGGACATGGCCGTGTCTTCCTGTGTGAGAGA	True	IGH	76050	1008536	182411
V	JASFZM010000003.1	275204	+	CAGGTGCAGCTGCAGGAGTCAAGGCCCAGCCTGGTGAAGCCCTCGCAAACCCTCTCCCTCACCTGCACGTTCTCCGGATTCTCAATAACCAGCAATGCTGTAAACTGGGTCCACCAGGCTCCAGGAAAGGGGCTGGAGTGCCTTGGTGCTATGGGTTATAGAGGAAGCGCATATTATAACCCAGCCCTGAAGTCCCGGCTCAGCATCACCAGCGACACCTCCAAGAGCCAAGTCTCCATGTCACTGAGCAGCGTGACCCCCGAGGACACGGCCGTCTATTACTGTGCGAAAGG	True	IGH	76050	1008536	199154
V	JASFZM010000003.1	279646	+	CAGGTGCAGCTGCAGGAGTCGGGGCCCAGCCTGGTGAAGCCCTCGCAGACCCTCTCCCTCACCTGCACGTTCTCCGGATTCTCAATAACCAGCTATGCTGTAGGCTGGGTCCGCCAGGCTCCAGGAAAGGGGCTGGAGTGGCTTGGTGCAGGTTATAGTGGAAGCGCATATTATAACCCAGCCCTGAAGTCCCGGCTCAGCATCACCAGCGACACCTCCAAGAGCCAAGTCTCCATGTCACTGAGCAGCGTGACCCCCGAGGACACGGCCGTCTATTACTGTGCAAGATGCA	True	IGH	76050	1008536	203596
V	JASFZM010000003.1	285068	+	GACGTGACACTGCAGGAGTGGGGCTCAGGACTGGTGAAGCCCTCGCAGACCCTCTCCCTCACCTGTGCTGTCTCTGGAGTCTCCATCACAACCACCTATTATGGTTTCAGCTGGATCCTCCAGACCCCGGGGAAGGGACTCGAGTGGATGAGGGGCATAGATTATGATGGTGACAAGTACTACAGCCCATCCCTCAAGATCCGCACCTCCATCTCCGGAGACACATCCAAGAAGCAGATATCCCTGCAGCTGAGCTCTGTGACCCCCGAGGACACGGCCGTGTATTACTGTGCAAGCTG	True	IGH	76050	1008536	209018
V	JASFZM010000003.1	291772	+	GAGGAGCAGCTGGTGGAGTCTGGGGGAGGCTTGGTGCCGCCTGGGGAGACTCTGAGACCCCCATGTGCAGCCTCTGGATTCACCATTAGTAGCTCCTGGATGAAGTGGGTCCACCAGGCTCCAGGGAAGGGGCTGCAGTGGGTCTCATGCATTAATAGTGGTGGTAGCACACACTATGCAGATTCTGTGAAGGGCTGGTTCACCATCTCCAGGGACAATACCAAGAGCGTGGTGCCTCCGCAAATGAACAGCCTGAGAGCCGAGGACACGGCCGTGTATTCCCGTGTGAGAGA	True	IGH	76050	1008536	215722
V	JASFZM010000003.1	296183	+	CAGGTGCAGCTGCAGGAGTCGGGGCCCAGCCTGGTGAAGCCCTCGCAAACCCTCTCCCTCACCTGCACGGTCTCCGGATTCTCAATAACCAGCTATGCTGTGGGCTGGGTCCGCCAGGCTCCAGGAAAGGGGCTGGAGTGGCTTGGTGCAGGTTATAGTGGAAGCGCATATTATAACCCAGCCCTGAAGTCCCGGCTCAGCATCACCAGCGACACCTCCAAGAGCCAAGTCTCCATGTCACTGAGCAGCGTGACCCCCGAGGACACGGCCGTCTATTACTGTGCAAGATGCA	True	IGH	76050	1008536	220133
V	JASFZM010000003.1	301579	+	GACGTGACACTGCAGGAGTGGGGCCCAGGACTGGTGAAGCCCTCGCAGACCCTCTCCCTCACCTGTGCTGTCTCTGGAGTCTCCATCACAACCACCTATTATGGTTTCAGCTGGATCCTCCAGACCCCGGGGAAGGGACTCGAGTGGATGAGGGGCATAGATTATGATGGTGACAAGTACTACAGCCCATCCCTCAAGAGCCGCACCTCCATCTCCGGAGACACATCCAAGAACCAGCTCTCCCTGCAGCTGAGCTCTGTGACCCCCGAGGACACGGCCGTGTATTACTGTGCAAGCTG	True	IGH	76050	1008536	225529
V	JASFZM010000003.1	308279	+	GAGGAGCAGCTGGTGGAGTCTGGGGGAGGCTTGGTGCCGCCTGGGGAGACTCTGAGACCCCCATGTGCAGCGTCTGGATTCACCATTAGTAGCTCCTGGATGAACTGGGTCCACCAGGCTCCAGGGAAGGGGCTGCAGTGGGCCTCATGCATTAATAGTGGTGGTAGTACACACTATGCAGATTCTGTGAAGATCTGGTTCACCATCTCCAGGGACAATGCCAAGAACATGGTGACTCCACAAATGAACAGCCTGAGAGCCGAGGATACGGCCGTGTATTCCCATGTGAGAGA	True	IGH	76050	1008536	232229
V	JASFZM010000003.1	312118	+	CAGGTGCAGCTGCAGGAGTCGGGGCCCAGCCTGGTGAAGCCCTCGCAGACCCTCTCCCTCACCTGCACGTTCTCTGGATTCTCAATAACTAGCTACGGTGTAAACTGGGTCCGCCAGGCTCCAGGAAAGGGGCTGGAGTGCGTTGGTGCTATGGGTTATAGGGGAAGCACATATTATAACCCAGCCCTGAAGTCCCAGCTCAGCATCACCAGCGACACCTCCAAGAGCCAAGTCTCCATGTCACTGAACAGCGTGACCCCCGAGGACACGGCCGTCTATTACTGTGCAAAATG	True	IGH	76050	1008536	236068
V	JASFZM010000003.1	316560	+	CAGGTGCAGCTGCAGGAGTCGGGGCCCAGCCTGGTGAAGCCCTCGCAGACCCTCTCCCTCACCTGCACAGTCTCTGGATTCTCAATAACCAGCTATTGTGTAAGCTGGGTCCGCCAGGCTCCAGGAAAGGGGCTGGAGTTCCTTGGTGTGATGGGTAGTGGTGGAAGCGCATATTACAACCCAGCCCTGAAGTCCCGGCTCAGCATCACCAGCGACACCTCCAAGAGCCAAGTCTCCATGTCACTGAGCAGCGTGACCCCAGAGGACACGGCCGTCTATTACTGTGCGAAAGG	True	IGH	76050	1008536	240510
V	JASFZM010000003.1	321688	+	GACGTGACACTGCAGGAGTCTGGCCGAGGACTGGTGAAGCCCTCGCAGACCCTCTCCCTCACCTGTGCTGTCTCTAAAGTCTCCATCACAACCAGTTATTATGGCTTCAGCTGGATCCATCAGGCCCCGGGGAAGGGACTCGAGTGGATGGGGGGCATAGATTATGATGGTGACAAGTACTACAGCCCATCTCTCAAGTGCCGCACCTCCATCTCCAGAGACACATCCAAGAACCAGATCTCCCTGCAGCTGAGCTCTGTGACCCCCGAGGACACGGCCGTGTATTACTGTGCAAGCTG	True	IGH	76050	1008536	245638
V	JASFZM010000003.1	332792	+	CAGGTGCAGCTGCAGGAGTCGGGGCCCAGCCTGGTGAAGCCCTCGCAGACCCTCTCCCTCACCTGCACAGTCTCCGGATTCTCAATTACCAGCAATGCTGTATGCTGGGTCCGCCAGGCTCCAGGAAAGGGGCTGGAGTGTCTTGGTGCTATGGCTAGTGGTGGAAGCGCATATTATAACTCAGCCCTGAAGTCCCGGCTCAGCATCACCAGGGACACCTCCAAGAGCCAAGTCTCCATGTCACTGAGCAGCGTGACCCCCGAGGACACGGCCGTCTATTTCTGTGCAAGATG	True	IGH	76050	1008536	256742
V	JASFZM010000003.1	336353	+	GACGTGACACTGCAGGAGTCGGGCCCAGGACTGGTGAAGCCCTCGCAGACCCTCTCCCTCACCTGTGCTGTCTCTGGAGTCTCCATCACCAGTTACTGCGGGAGCTGGATCCGTCAGACCACAGGGAAGGGATTCCAATGTATGGGAGGCATAAGTTACAGTGGAAGCACTGGCTACAGCCCATCCCTCAAGAACCGCACCTCCATCTCCAGAGACACGTCCAAGAACCAGATCTCCCTGCAGCTGAGCTCTGTGACCCCCGAGGACACGGCCGTGTGTTACTGTGCAAGATA	True	IGH	76050	1008536	260303
V	JASFZM010000003.1	347451	+	CAGGTGCAGCTGCAGGAGTCGGGGCCCAGCCTGGTGAAGCCCTCGCAGACCCTCTCCCTCACCTGCACAGTCTCCGGATTCTCAATTACCAGCAATGCTGTATGCTGGGTCCGCCAGGCTCCAGGAAAGGGGCTGGAGTGTCTTGGTGCTATGGCTAGTGGTGGAAGCGCATATTATAACTCAGCCCTGAAGTCCCGGCTCAGCATCACCAGGGACACCTCCAAGAGCCAAGTCTCCATGTCACTGAGCAGCGTGACCCCCGAGGACACGGCCGTCTATTTCTGTGCAAGATG	True	IGH	76050	1008536	271401
V	JASFZM010000003.1	351012	+	GACGTGACACTGCAGGAGTCGGGCCCAGGACTGGTGAAGCCCTCGCAGACCCTCTCCCTCACCTGTGCTGTCTCTGGAGTCTCCATCACCAGTTACTGCGGGAGCTGGATCCGTCAGACCACAGGGAAGGGATTCCAATGTATGGGAGGCATAAGTTACAGTGGAAGCACTGGCTACAGCCCATCCCTCAAGAACCGCACCTCCATCTCCAGAGACACGTCCAAGAACCAGATCTCCCTGCAGCTGAGCTCTGTGACCCCCGAGAACACGGCCGTGTGTTACTGTGCAAGATA	True	IGH	76050	1008536	274962
V	JASFZM010000003.1	362108	+	CAGGTGCAGCTGCAGGAGTCGGGGCCCAGCCTGGTGAAGCCCTCGCAGACCCTCTCCCTCACCTGCACAGTCTCCGGATTCTCAATTACCAGCAATGCTGTATGCTGGGTCCGCCAGGCTCCAGGAAAGGGGCTGGAGTGTCTTGGTGCTATGGCTAGTGGTGGAAGCGCATATTATAACTCAGCCCTGAAGTCCCGGCTCAGCATCACCAGGGACACCTCCAAGAGCCAAGTCTCCATGTCACTGAGCAGCGTGACCCCCGAGGACACGGCCGTCTATTTCTGTGCAAGATG	True	IGH	76050	1008536	286058
V	JASFZM010000003.1	365669	+	GACGTGACACTGCAGGAGTCGGGCCCAGGACTGGTGAAGCCCTCGCAGACCCTCTCCCTCACCTGTGCTGTCTCTGGAGTCTCCATCACCAGTTACTGCGGGAGCTGGATCCGTCAGACCACAGGGAAGGGATTCCAATGTATGGGAGGCATAAGTTACAGTGGAAGCACTGGCTACAGCCCATCCCTCAAGAACCGCACCTCCATCTCCAGAGACACGTCCAAGAACCAGATCTCCCTGCAGCTGAGCTCTGTGACCCCCGAGGACACGGCCGTGTGTTACTGTGCAAGATA	True	IGH	76050	1008536	289619
V	JASFZM010000003.1	376765	+	CAGGTGCAGCTGCAGGAGTCGGGGCCCAGCCTGGTGAAGCCCTCGCAGACCCTCTCCCTCACCTGCACAGTCTCCGGATTCTCAATTACCAGCAATGCTGTATGCTGGGTCCGCCAGGCTCCAGGAAAGGGGCTGGAGTGTCTTGGTGCTATGGCTAGTGGTGGAAGCGCATATTATAACTCAGCCCTGAAGTCCCGGCTCAGCATCACCAGGGACACCTCCAAGAGCCAAGTCTCCATGTCACTGAGCAGCGTGACCCCCGAGGACACGGCCGTCTATTTCTGTGCAAGATG	True	IGH	76050	1008536	300715
V	JASFZM010000003.1	380326	+	GACGTGACACTGCAGGAGTCGGGCCCAGGACTGGTGAAGCCCTCGCAGACCCTCTCCCTCACCTGTGCTGTCTCTGGAGTCTCCATCACCAGTTACTGCGGGAGCTGGATCCGTCAGACCACAGGGAAGGGATTCCAATGTATGGGAGGCATAAGTTACAGTGGAAGCACTGGCTACAGCCCATCCCTCAAGAACCGCACCTCCATCTCCAGAGACACGTCCAAGAACCAGATCTCCCTGCAGCTGAGCTCTGTGACCCCCGAGAACACGGCCGTGTGTTACTGTGCAAGATA	True	IGH	76050	1008536	304276
V	JASFZM010000003.1	391422	+	CAGGTGCAGCTGCAGGAGTCGGGGCCCAGCCTGGTGAAGCCCTCGCAGACCCTCTCCCTCACCTGCACAGTCTCCGGATTCTCAATTACCAGCAATGCTGTATGCTGGGTCCGCCAGGCTCCAGGAAAGGGGCTGGAGTGTCTTGGTGCTATGGCTAGTGGTGGAAGCGCATATTATAACTCAGCCCTGAAGTCCCGGCTCAGCATCACCAGGGACACCTCCAAGAGCCAAGTCTCCATGTCACTGAGCAGCGTGACCCCCGAGGACACGGCCGTGTATTTCTGTGCAAGATG	True	IGH	76050	1008536	315372
V	JASFZM010000003.1	394983	+	GACGTGACACTGCAGGAGTCGGGCCCAGGACTGGTGAAGCCCTCGCAGACCCTCTCCCTCACCTGTGCTGTCTCTGGAGTCTCCATCACCAGTTACTGCGGGAGCTGGATCCGTCAGACCACAGGGAAGGGATTCCAATGTATGGGAGGCATAAGTTACAGTGGAAGCACTGGCTACAGCCCATCCCTCAAGAACCGCACCTCCATCTCCAGAGACACGTCCAAGAACCAGATCTCCCTGCAGCTGAGCTCTGTGACCCCCGAGAACACGGCCGTGTGTTACTGTGCAAGATA	True	IGH	76050	1008536	318933
V	JASFZM010000003.1	406079	+	CAGGTGCAGCTGCAGGAGTCGGGGCCCAGCCTGGTGAAGCCCTCGCAGACCCTCTCCCTCACCTGCACAGTCTCCGGATTCTCAATTACCAGCAATGCTGTATGCTGGGTCCGCCAGGCTCCAGGAAAGGGGCTGGAGTGTCTTGGTGCTATGGCTAGTGGTGGAAGCGCATATTATAACTCAGCCCTGAAGTCCCGGCTCAGCATCACCAGGGACACCTCCAAGAGCCAAGTCTCCATGTCACTGAGCAGCGTGACCCCCGAGGACACGGCCGTCTATTTCTGTGCAAGATG	True	IGH	76050	1008536	330029
V	JASFZM010000003.1	409640	+	GACGTGACACTGCAGGAGTCGGGCCCAGGACTGGTGAAGCCCTCGCAGACCCTCTCCCTCACCTGTGCTGTCTCTGGAGTCTCCATCACCAGTTACTGCGGGAGCTGGATCCGTCAGACCACAGGGAAGGGATTCCAATGTATGGGAGGCATAAGTTACAGTGGAAGCACTGGCTACAGCCCATCCCTCAAGAACCGCACCTCCATCTCCAGAGACACGTCCAAGAACCAGATCTCCCTGCAGCTGAGCTCTGTGACCCCCGAGAACACGGCCGTGTGTTACTGTGCAAGATA	True	IGH	76050	1008536	333590
V	JASFZM010000003.1	420737	+	CAGGTGCAGCTGCAGGAGTCGGGGCCCAGCCTGGTGAAGCCCTCGCAGACCCTCTCCCTCACCTGCACAGTCTCCGGATTCTCAATTACCAGCAATGCTGTATGCTGGGTCCGCCAGGCTCCAGGAAAGGGGCTGGAGTGTCTTGGTGCTATGGCTAGTGGTGGAAGCGCATATTATAACTCAGCCCTGAAGTCCCGGCTCAGCATCACCAGGGACACCTCCAAGAGCCAAGTCTCCATGTCACTGAGCAGCGTGACCCCCGAGGACACGGCCGTCTATTTCTGTGCAAGATG	True	IGH	76050	1008536	344687
V	JASFZM010000003.1	424298	+	GACGTGACACTGCAGGAGTCGGGCCCAGGACTGGTGAAGCCCTCGCAGACCCTCTCCCTCACCTGTGCTGTCTCTGGAGTCTCCATCACCAGTTACTGCGGGAGCTGGATCCGTCAGACCACAGGGAAGGGATTCCAATGTATGGGAGGCATAAGTTACAGTGGAAGCACTGGCTACAGCCCATCCCTCAAGAACCGCACCTCCATCTCCAGAGACACGTCCAAGAACCAGATCTCCCTGCAGCTGAGCTCTGTGACCCCCGAGAACACGGCCGTGTGTTACTGTGCAAGATA	True	IGH	76050	1008536	348248
V	JASFZM010000003.1	435394	+	CAGGTGCAGCTGCAGGAGTCGGGGCCCAGCCTGGTGAAGCCCTCGCAGACCCTCTCCCTCACCTGCACAGTCTCCGGATTCTCAATTACCAGCAATGCTGTATGCTGGGTCCGCCAGGCTCCAGGAAAGGGGCTGGAGTGTCTTGGTGCTATGGCTAGTGGTGGAAGCGCATATTATAACTCAGCCCTGAAGTCCCGGCTCAGCATCACCAGGGACACCTCCAAGAGCCAAGTCTCCATGTCACTGAGCAGCGTGACCCCCGAGGACACGGCCGTCTATTTCTGTGCAAGATG	True	IGH	76050	1008536	359344
V	JASFZM010000003.1	438955	+	GACGTGACACTGCAGGAGTCGGGCCCAGGACTGGTGAAGCCCTCGCAGACCCTCTCCCTCACCTGTGCTGTCTCTGGAGTCTCCATCACCAGTTACTGCGGGAGCTGGATCCGTCAGACCACAGGGAAGGGATTCCAATGTATGGGAGGCATAAGTTACAGTGGAAGCACTGGCTACAGCCCATCCCTCAAGAACCGCACCTCCATCTCCAGAGACACGTCCAAGAACCAGATCTCCCTGCAGCTGAGCTCTGTGACCCCCGAGAACACGGCCGTGTGTTACTGTGCAAGATA	True	IGH	76050	1008536	362905
V	JASFZM010000003.1	450051	+	CAGGTGCAGCTGCAGGAGTCGGGGCCCAGCCTGGTGAAGCCCTCGCAGACCCTCTCCCTCACCTGCACAGTCTCCGGATTCTCAATTACCAGCAATGCTGTATGCTGGGTCCGCCAGGCTCCAGGAAAGGGGCTGGAGTGTCTTGGTGCTATGGCTAGTGGTGGAAGCGCATATTATAACTCAGCCCTGAAGTCCCGGCTCAGCATCACCAGGGACACCTCCAAGAGCCAAGTCTCCATGTCACTGAGCAGCGTGACCCCCGAGGACACGGCCGTCTATTTCTGTGCAAGATG	True	IGH	76050	1008536	374001
V	JASFZM010000003.1	453628	+	GACGTGACACTGCAGGAGTCGGGCCCAGGACTGGTGAAGCCCTCGCAGACCCTCTCCCTCACCTGTGCTGTCTCTGGAGTCTCCATCACAACCACTTATTATGGCTTCAGCTGGATCCTCCAGGCCTCGGGGAAGGGACTCGAGTGGATGGGGGGCATAGATTATGATGGTGACAAGTACTACAGCCCGTCCCTCAAGAGCCGCACCTCCATCTCCAGAGACACGTCCAAGAACCAGATCTCCCTGCAGCTGAGCTCTGTGACTCCCGAGGACACGGCTGTGTATTACTGTGCAAGCTGCA	True	IGH	76050	1008536	377578
V	JASFZM010000003.1	460341	+	GAGGAGCAGCTGGTGGAGTCTGGGGGAGGCTTGGTGCCACCTGGGGAGACTCTGAGACCCTCATGTGCAGCCTCTGGATTCACCATTAGTAGCTCCTGGATGAACTGGGTCCACCAGGCTCCAGGGAAGGGGCTGCAGTGGGTCTCATGCATTAATAGTGGTGGTCGCACACACTATGCAGATTCCGTGAAGGGCTGGTTCACCATCTCCAGGGACAATGCCCAGAAAATGGTAACTCCGCAAATGAACAGCCTGAGAGCCGAGGACACGGCCGTGTATTCCTGTGTGAGAGA	True	IGH	76050	1008536	384291
V	JASFZM010000003.1	464744	+	CAGGTGCAGCTGCAGGAGTCGGGGCCCAGCCTGGTGAAGCCCTCGCAGACCCTCTCCCTCACCTGCACGGTCTCCGGATTCTCAATTACCAGCAATGCTGTAAGCTGGGTCCGCCAGGCTCCAGGAAAGGGGCTGGAGTGTCTTGGTGCTATGGCTAGTGGTGGAAGCGCATATTATAACTCAGCCCTGAAGTCCCGGCTCAGCATCACCAGGGACACCTCCAAGAGCCAAGTCTCCATGTCACTGAGCAGCGTGACCCCCGAGGACACGGCCGTGTATTTCTGTGCAAGATGCA	True	IGH	76050	1008536	388694
V	JASFZM010000003.1	468319	+	GACGTGACACTGCAGGAGTCGGGCCCAGGACTGGTGAAGCCCTCGCAGACCCTCTCCCTCACCTGTGCTGTCTCTGGAGTCTCCATCACAACCACTTATTATGGCTTCAGCTGGATCCTCCAGGCCTCGGGGAAGGGACTCGAGTGGATGGGGGGCATAGATTATGATGGTGACAAGTACTACAGCCCGTCCCTCAAGAGCCGCACCTCCATCTCCAGAGACACGTCCAAGAACCAGATCTCCCTGCAGCTGAGCTCTGTGACTCCCGAGGACACGGCTGTGTATTACTGTGCAAGCTGCA	True	IGH	76050	1008536	392269
V	JASFZM010000003.1	475032	+	GAGGAGCAGCTGGTGGAGTCTGGGGGAGGCTTGGTGCCACCTGGGGAGACTCTGAGACCCTCATGTGCAGCCTCTGGATTCACCATTAGTAGCTCCTGGATGAACTGGGTCCACCAGGCTCCAGGGAAGGGGCTGCAGTGGGTCTCATGCATTAATAGTGGTGGTCGCACACACTATGCAGATTCCGTGAAGGGCTGGTTCACCATCTCCAGGGACAATGCCCAGAAAATGGTAACTCCGCAAATGAACAGCCTGAGAGCCGAGGACACGGCCGTGTATTCCTGTGTGAGAGA	True	IGH	76050	1008536	398982
V	JASFZM010000003.1	479434	+	CAGGTGCAGCTGCAGGAGTCGGGGCCCAGCCTGGTGAAGCCCTCGCAGACCCTCTCCCTCACCTGCACGGTCTCCGGATTCTCAATTACCAGCAATGCTGTAAGCTGGGTCCGCCAGGCTCCAGGAAAGGGGCTGGAGTGTCTTGGTGCTATGGCTAGTGGTGGAAGCGCATATTATAACTCAGCCCTGAAGTCCCGGCTCAGCATCACCAGGGACACCTCCAAGAGCCAAGTCTCCATGTCACTGAGCAGCGTGACCCCCGAGGACACGGCCGTGTATTTCTGTGCAAGATGCA	True	IGH	76050	1008536	403384
V	JASFZM010000003.1	483012	+	GACGTGACACTGCAGGAGTTGGGCCCAGGACTGGTGAAGCCCTCACAGACCCTCTCCCTCACCTGTGCTGTCTCTGGAGTCTCCATCACAACCACTTATTATGGTTTCAGCTGGATTCTCCAGGCCTCGAGGAAGGGACTCGAGTGGATGGTGGGCACAGATTATGATGGTGACAAGTACTACAGCCCAACCCTCAAGAGCCGCACCTCCATCTCCAGAGACACGTCCAAGAACCAGATCTCCCTGCAGCTGAGCTCTGTGACCCCCGAGGACACGGCCGTGTATTACTGTGCAAGCTG	True	IGH	76050	1008536	406962
V	JASFZM010000003.1	489708	+	GAGGAGCAGCTGGTGGCGTCTGGAGGAGGCTTGGTGCCACCTGGGGCGTCTCTGAGACTCTCCTGTGCAGCTTCTGGATTCACCTTTGCTGATTATGCCGTGAGCTGGTTCCGCCAGGCTCCAGGGAGGGGGCTGGAGTGGGTCGCAGCCATTAGTGGTGATGGTAGTCACACATCCTATGCAGACGCCGTGAAGGGCGGATCCCCCATATCCAGGGACAACTCCAAGAACACGGTGACTCTGCAAACACACAGCCTGGGAGCCGAGGACACAGCCGTGTATTATTGTGCACGTGA	True	IGH	76050	1008536	413658
V	JASFZM010000003.1	496281	+	CAGGTGCAGCTGCAGGAGTCGGGGTCCAGCCTGGTGAAGCCCTCGCAGACCCTCTCCCTCACCTGCACGGTCTCCGGATTCTCATTAACCAGCTATGCTGTAAGCTGGGTCCGCCAGGCTCCAGGAAAGGGACTGAAGTGGCTTGGTGTGATGGTTAGTGGTGGAAGCGCATATTATAACTCAGCCCTGAAGTCCCGGCTCAGCATCACCAGGGACACCTCCAAGAGCCAAGTCTCCATGTCACTGAGCAGCGTGACCCCCGAGGACACGGCTATCTATTACTGTGCAAGAGG	True	IGH	76050	1008536	420231
V	JASFZM010000003.1	514753	+	CAGGTGCAGCTGCAGGAGTCGGGGCCCAGCCTGGTGAAGCCCTCTCAGACCCTCTTCCTCACCTGCACAGTCTCCGGATTCTCAATTACCAGCTATGGTGTAGGCTGGGTCCGCCAGGCTCCAGGAAAGGGGCTGGAGTGGCTTGGTGTGATGGTTAGTGGTGGAAGCGCATATTATAACTCAGCCCTGAAGTCCCGGCTCAGCATCACCAGCGACACCTCCAAGAGCCAAATCTCCATGTCACTGAACAGCGTGACCCCCGAGGACACGGCCATGTATTATTGTACAGACA	True	IGH	76050	1008536	438703
V	JASFZM010000003.1	519878	+	GACGTGACACTGCAGGAGTCTGGCCCAGGACTGGTGAAGCCCTCGCAGACCCTCTCCCTCACCTGTGCTGTCTCTGGAGTCTCCATCACAACCAGTTATTATGGCTTCAGCTGGATCCTCCAGGCCTCGGGGAAGGGACTCAAGTGGATGGGGGGCATAGATTATGATGGTGACAAGTACTACAGCCCGTCCCTCAAGAGCCGCACCTCCATCTCCAGAGACACGTCCAAGAACCAGATCTCCCTGCAGCTGAGCTCTGTGACCCCCGAGGACACGGCCGTGTATTACTGTGCAAGCTG	True	IGH	76050	1008536	443828
V	JASFZM010000003.1	526557	+	GAGGAGCAGCTGGTGGAGTGTGGGGGAGGCTTGGTGCCGCCTGGGGAGACTCTGAGACCCCCATGTGCAGCCTCTGGATTCACCATTAGTAGCTCCTGGATGAACTGGGTCCACCAGGCTCCAGGGAAGGGGCTGCAGTGGGTCTCATGCATTAATAGTGGTGGTAGCACACACTATGCAGATTCTGTGAAGGGCTGGTTCACCATCTCCAGGGACAATGCCAAGAACGTGGTGACTCCACAAATGAACAGCCTGAGAGCCGAGGACACGGCCGTGTATTCCCGTGTGAGAGA	True	IGH	76050	1008536	450507
V	JASFZM010000003.1	530967	+	CAGGTGCAGCTGCAGGAGTCGGGGCCCAGCCTGGTGAAGCCCTCGCAAACCCTCTCCCTCACCTGCACGGTCTCCGGATTCTCAATAACCAGCTATGCTGTGGGCTGGGTCCGCCAGGCTCCAGGAAAGGGGCTGGAGTGGCTTGGTGCAGGTTATAGTGGAAGCGCATATTATAACCCAGCCCTGAAGTCCCGGCTCAGCATCACCAGCGACACCTCCAAGAGCCAAGTCTCCATGTCACTGAGCAGCGTGACCCCCGAGGACACGGCCGTCTATTACTGTGCAAGATGCA	True	IGH	76050	1008536	454917
V	JASFZM010000003.1	536388	+	GACGTGACACTGCAGGAGTGGGGCCCAGGACTGGTGGAGCCCTCGCAGACCCTCTCCCTCACCTGTGCTGTCTCTGGAGTCTCCATCACAACCACCTATTATGGTTTCAGCTGGATCCTCCAGGCCCCGGGGAAGGGACTCGAGTGGATGAGGGGCATAGATTATGATGGTGACAAGTACTACAGCCCATCTCTCAAGAGCCGCACCTCCATTTCCAGAGACACATCCAAGAACCAGATCTCCCTGCAGCTGAGCTCTGTGACCCCCGAGGACATGGCCGTGTATTACTGTGCAAGCTG	True	IGH	76050	1008536	460338
V	JASFZM010000003.1	543090	+	GAGGAGCAGCTGGTGGAGTGTGGGGGAGGCTTGGTGCCGCCTGGGGAGACTCTGAGACCCCCATGTGCAGCCTCTGGATTCACCATTAGTAGCTCCTGGATGAACTGGGTCCACCAGGCTCCAGGGAAGGGGCTGCAGTGGGTCTCATGCATTAATAGTGGTGGTAGCACACACTATGCAGATTCTGTGAAGGGCTGGTTCACCATCTCCAGGGACAATGCCAAGAACGTGGTGACTCCACAAATGAACAGCCTGAGAGCCGAGGACACGGCCGTGTATTCCCGTGTGAGAGA	True	IGH	76050	1008536	467040
V	JASFZM010000003.1	547500	+	CAGGTGCAGCTGCAGGAGTCGGGGCCCAGCCTGGTGAAGCCCTCGCAAACCCTCTCCCTCACCTGCACGGTCTCCGGATTCTCAATAACCAGCTATGCTGTGGGCTGGGTCCGCCAGGCTCCAGGAAAGGGGCTGGAGTGGCTTGGTGCAGGTTATAGTGGAAGCGCATATTATAACCCAGCCCTGAAGTCCCGGCTCAGCATCACCAGCGACACCTCCAAGAGCCAAGTCTCCATGTCACTGAGCAGCGTGACCCCCGAGGACACGGCCGTCTATTACTGTGCAAGATGCA	True	IGH	76050	1008536	471450
V	JASFZM010000003.1	552917	+	GACGTGACACTGCAGGAGTGGGGCCCAGGACTGGTGGAGCCCTCGCAGACCCTCTCCCTCACCTGTGCTGTCTCTGGAGTCTCCATCACAACCACCTATTATGGTTTCAGCTGGATCCTCCAGGCCCCGGGGAAGGGACTCGAGTGGATGAGGGGCATAGATTATGATGGTGACAAGTACTACAGCCCATCTCTCAAGAGCCGCACCTCCATTTCCAGAGACACATCCAAGAACCAGATCTCCCTGCAGCTGAGCTCTGTGACCCCCGAGGACATGGCCGTGTATTACTGTGCAAGCTG	True	IGH	76050	1008536	476867
V	JASFZM010000003.1	559619	+	GAGGAGCAGCTGGTGGAGTGTGGGGGAGGCTTGGTGCCACCTGGGGAGACTCTGAGACCCCCATGTGCAGCCTCTGGATTCACCATTAGTAGCTCCTGGATGAACTGGGTCCACCAGGCTCCAGGGAAGGGGCTGCAGTGGGTCTCATGCATTAATAGTGGTGGTAGCACACACTATGCAGATTCTGTGAAGGGCTGGTTCACCATCTCCAGGGACAATGCCAAGAACGTGGTGACTCCACAAATGAACAGCCTGAGAGCCGAGGACACGGCCGTGTATTCCCGTGTGAGAGA	True	IGH	76050	1008536	483569
V	JASFZM010000003.1	564027	+	CAGGTGCAGCTGCAGGAGTCGGGGCCCAGCCTGGTGAAGCCCTCGCAAACCCTCTCCCTCACCTGCACGGTCTCCGGATTCTCAATAACCAGCTATGCTGTGGGCTGGGTCCGCCAGGCTCCAGGAAAGGGGCTGGAGTGGCTTGGTGCAGGTTATAGTGGAAGCGCATATTATAACCCAGCCCTGAAGTCCCGGCTCAGCATCACCAGCGACACCTCCAAGAGCCAAGTCTCCATGTCACTGAGCAGCGTGACCCCCGAGGACACGGCCGTCTATTACTGTGCAAGATGCA	True	IGH	76050	1008536	487977
V	JASFZM010000003.1	569448	+	GACGTGACACTGCAGGAGTGGGGCCCAGGACTGGTGGAGCCCTCGCAGACCCTCTCCCTCACCTGTGCTGTCTCTGGAGTCTCCATCACAACCACCTATTATGGTTTCAGCTGGATCCTCCAGGCCCCGGGGAAGGGACTCGAGTGGATGAGGGGCATAGATTATGATGGTGACAAGTACTACAGCCCATCTCTCAAGAGCCGCACCTCCATTTCCAGAGACACATCCAAGAACCAGATCTCCCTGCAGCTGAGCTCTGTGACCCCCGAGGACATGGCCGTGTATTACTGTGCAAGCTG	True	IGH	76050	1008536	493398
V	JASFZM010000003.1	576150	+	GAGGAGCAGCTGGTGGAGTGTGGGGGAGGCTTGGTGCCACCTGGGGAGACTCTGAGACCCCCATGTGCAGCCTCTGGATTCACCATTAGTAGCTCCTGGATGAACTGGGTCCACCAGGCTCCAGGGAAGGGGCTGCAGTGGGTCTCATGCATTAATAGTGGTGGTAGCACACACTATGCAGATTCTGTGAAGGGCTGGTTCACCATCTCCAGGGACAATGCCAAGAACGTGGTGACTCCACAAATGAACAGCCTGAGAGCCGAGGACACGGCCGTGTATTCCCGTGTGAGAGA	True	IGH	76050	1008536	500100
V	JASFZM010000003.1	580558	+	CAGGTGCAGCTGCAGGAGTCGGGGCCCAGCCTGGTGAAGCCCTCGCAAACCCTCTCCCTCACCTGCACGGTCTCCGGATTCTCAATAACCAGCTATGCTGTGGGCTGGGTCCGCCAGGCTCCAGGAAAGGGGCTGGAGTGGCTTGGTGCAGGTTATAGTGGAAGCGCATATTATAACCCAGCCCTGAAGTCCCGGCTCAGCATCACCAGCGACACCTCCAAGAGCCAAGTCTCCATGTCACTGAGCAGCGTGACCCCCGAGGACACGGCCGTCTATTACTGTGCAAGATGCA	True	IGH	76050	1008536	504508
V	JASFZM010000003.1	592387	+	GCGGAGCAGCTGGTGGCGTCTGGAGGAGGCTTGGTGCCGCCTGGGGGGTCTCTGCAACTCTCCTGTGCAGCTTCTGGATTCACCTTTGCTGATTATGCCATGAGCTGGTTCCGCCAGGCTCCAGGGAGGGGGCTGGAGTGGGTCGCAGCCATTAGTGGTGATGGTAGTCACACATCCTATGCAGACGCCGTGAAGGGAGGATTCCCCATCTCCAAAGACAACTCCAAGAACACGGTGACTCTGCAAACACACAGCCTGAGAGCCGAGGACACAGCCGTGTATTACTGTGTACGTGACA	True	IGH	76050	1008536	516337
V	JASFZM010000003.1	598973	+	CAGGTGCAGCTGCAGGAGTCGGGGCCCATCCTGGCGAAGCCCTCGCAGACCCTCTCCCTCACCTGCACGGTCTCCGGATTCTCATTAACCAGCAATGCTGTAAGCTGGGTCCGCCAGGCTCCAGGAAAGGGGCTGGAGTGGCTTGGTGTGATGGTTAGTGGTGGAAGCGCATATTATAACTCAGCCCTGAAGTCCCGGCTCAGCATCACCAGGGACACCTCCAAGAGCCAAGTCTCCATGTCACTGAGCAGCGTGACCCCCGAGGACACGGCCGTCTATTACTGTGCAAGAGGC	True	IGH	76050	1008536	522923
V	JASFZM010000003.1	617013	+	CAGGTGCAGCTGCAGGAGTCGGGGCCCAGCCTGGTGAAGCCCTCGCAGACCCTCTCCCTCACCTGCACGGTCTCCGGATTCTCAATAACCAGCTATGCTGCAGGCTGGGTCCGCCAGGCTCCAGGAAAGGGGCTGGAGTGGCTTGGTTCTATATTGAGTTTGATGGAGTATGAAGAAAGCACAATCTATAACCCAGCCCTGAAGTCCCGGCTCAGCATCACCAGGGACACCTCCAAGAGCCAAGTCTCCATGTCACTGAGCAGCGTGACCCCCGAGGACACGGCCGTGTATCACTGTGCAAGAGGC	True	IGH	76050	1008536	540963
V	JASFZM010000003.1	622905	+	GAGGAGCAGCTGGTGGAGTCTGGGGGAGGTTTGGTGCCGCCTGGGGGTTCTCTGAGACTCTCCTGTGCATTTTCTGGATTTTGTTTTGAGGATTATGTCATGAGCTGGGTCCGCCAGGCTCCAGGGAGGGGGCTGGAGTGGGTCGCAGCCATTAGTGGTGATGGTAGTTACACATCCTATGCAGACGCCGTGAAGGGCCGATTCATCACCTGCATAAAGAAGTCCACTAACGAGTTGTGTCTGTGCATGGACAACGTGACAGGCGAGGATACAGGCTTGTATTACTGCGGAGGA	True	IGH	76050	1008536	546855
V	JASFZM010000003.1	633350	+	CAGGTGCAGCTGCAGGAGTCGGGGCCCAGCCTGGTGAAGCCCTCGCAGACCCTCTCCCTCACCTGCACGGTCTCCGGATTCTCAATTACCAGCTATGGTGTAAACTGGGTCCGCCAGTCTCCAGGAAAGGGGCTGGAGTACGTTGTTGCTATGGGTTATAGTGGAAGCGCATATTATAACCCAGCCCTGAAGTCCCGGCTCAGCATCACCAGGGACACCTCCAAGAGCCAAGTCTCCATGTCACTGAGCAGCGTGACCCCCGAGGACACGGCCGTCTATTACTGTGCGAAAGG	True	IGH	76050	1008536	557300
V	JASFZM010000003.1	644167	+	GACGTGACACTGCAGGAGTCGGGCCCAGGACTGGTGAAGCCCTCGCAGACCCTCTTCCTCACCTGTGCTGTCTCTGGAGTCTCCATCACCAGTTTCTGCGGGAGCAGGATCCGTCAGACCACAGGGAAGGGATTCCGATGTATGGGAGGCATAAGTTACAGTGGAAGCACTGGCTACAGCCCATCCCTCAAGAACCGCACCTCCATCTCCAGAGACACATCCAAGAACCAGATCTCCCTGCAGCTGAGCTCTGTGACCCCCGAGGACACGGCCGTGTATTACTGTGCAAGCGG	True	IGH	76050	1008536	568117
V	JASFZM010000003.1	650869	+	GAGGAGCAGCTGGTGGAGTGTGGGAGAGGCTTGGTGCCGCCTGGGGAGACTCTGAGACCCCCATGTGCAGCCTCTGGATTCACCATTAGTAGCTCCTGGATGAACTGGGTCCACCAGGCTCCAGGGAAGGGGCTGCAGTGGGTCTCATGCATTAATAGTGGTGGTAGCACACACTATGCAGATTCTGTGAAGGGCTGGTTCACCATCTCCAGGGACAATGCCAAGAACGTGGTGACTCCACAAATGAACAGCCTGAGAGCCGAGGACACGGCCGTGTATTCCCGTGTGAGAGA	True	IGH	76050	1008536	574819
V	JASFZM010000003.1	655266	+	CAGGTGCAGCTGCAGGAGTCGGGGCCCAGCCTGGTGAAGCCCTCGCAGACCCTCTCCCTCACCTGCACGGTCTCCGGATTCTCAATTACCAGCAATGCTGTATGCTGGGTCCGCCAGGCTCCAGGAAAGGGGCTGGAGTGTCTTGGTGCTATGGCTAGCGGTGGAAGCGCATATTATAACTCAGCCCTGAAGTCCCGGCTCAGCATCACCAGGGACACCTCCAAGAGCCAAGTCTCCATGTCACTGAGCAGCGTGACCCCCGAGGACACGGCCGTCTATTTCTGTGCAAGATGCA	True	IGH	76050	1008536	579216
V	JASFZM010000003.1	665543	+	GAGGAGCAGCTGGTGGAGTCTGGGGGAGGCTTGGTGCCGCCTGGGGAGACTCTGAGACCCTCATGTGCAGCCTCTGGATTCACCATTAGTAGCTCCTGGATGAACTGGGTCCACCAGGCTCCAGGGAAGGGGCTGCAGTGGGTCTCATGCATTAATAGTGGTGGTAGCACACACTATGCAGATTCTGTGAAGGGCTGGTTCACCATCTCCAGGGACAATACCAAGAGCGTGGTGCCTCCGCAAATGAACAGCCTGAGAGCCGAGGACACGGCCGTGTATTCCCGTGTGAGAGA	True	IGH	76050	1008536	589493
V	JASFZM010000003.1	669979	+	CAGGTGCAGCTGCAGGAGTCGGGGCCCAGCCTGGTGAAGCCCTCGCAGACCCTCTCCCTCACCTGCACGGTCTCCGGATTCTCAATTACCAGCAATGCTGTATGCTGGGTCCGCCAGGCTCCAGGAAAGGGGCTGGAGTGTCTTGGTGCTATGGCTAGCGGTGGAAGCGCATATTATAACTCAGCCCTGAAGTCCCGGCTCAGCATCACCAGGGACACCTCCAAGAGCCAAGTCTCCATGTCACTGAGCAGCGTGACCCCCGAGGACACGGCCGTCTATTTCTGTGCAAGATGCA	True	IGH	76050	1008536	593929
V	JASFZM010000003.1	680234	+	GAGGAGCAGCTGGTGGAGTCTGGGGGAGGCTTGGTGCCGCCTGGGGAGACTCTGAGACCCTCATGTGCAGCCTCTGGATTCACCATTAGTAGCTCCTGGATGAACTGGGTCCACCAGGCTCCAGGGAAGGGGCTGCAGTGGGTCTCATGCATTAATAGTGGTGGTAGCACACACTATGCAGATTCTGTGAAGGGCTGGTTCACCATCTCCAGGGACAATACCAAGAGCGTGGTGCCTCCGCAAATGAACAGCCTGAGAGCCGAGGACACGGCCGTGTATTCCCGTGTGAGAGA	True	IGH	76050	1008536	604184
V	JASFZM010000003.1	684676	+	CAGGTGCAGCTGCAGGAGTCGGGGCCCAGCCTGGTGAAGCCCTCGCAGACCCTCTCCCTCACCTGCACGGTCTCCGGATTCTCAATTACCAGCAATGCTGTATGCTGGGTCCGCCAGGCTCCAGGAAAGGGGCTGGAGTGTCTTGGTGCTATGGCTAGCGGTGGAAGCGCATATTATAACTCAGCCCTGAAGTCCCGGCTCAGCATCACCAGGGACACCTCCAAGAGCCAAGTCTCCATGTCACTGAGCAGCGTGACCCCCGAGGACACGGCCGTCTATTTCTGTGCAAGATGCA	True	IGH	76050	1008536	608626
V	JASFZM010000003.1	694933	+	GAGGAGCAGCTGGTGGAGTCTGGGGGAGGCTTGGTGCCGCCTGGGGAGACTCTGAGACCCTCATGTGCAGCCTCTGGATTCACCATTAGTAGCTCCTGGATGAACTGGGTCCACCAGGCTCCAGGGAAGGGGCTGCAGTGGGTCTCATGCATTAATAGTGGTGGTAGCACACACTATGCAGATTCTGTGAAGGGCTGGTTCACCATCTCCAGGGACAATACCAAGAGCGTGGTGCCTCCGCAAATGAACAGCCTGAGAGCCGAGGACACGGCCGTGTATTCCCGTGTGAGAGA	True	IGH	76050	1008536	618883
V	JASFZM010000003.1	699371	+	CAGGTGCAGCTGCAGGAGTCGGGGCCCAGCCTGGTGAAGCCCTCGCAGACCCTCTCCCTCACCTGCACGGTCTCCGGATTCTCAATTACCAGCAATGCTGTATGCTGGGTCCGCCAGGCTCCAGGAAAGGGGCTGGAGTGTCTTGGTGCTATGGCTAGCGGTGGAAGCGCATATTATAACTCAGCCCTGAAGTCCCGGCTCAGCATCACCAGGGACACCTCCAAGAGCCAAGTCTCCATGTCACTGAGCAGCGTGACCCCCGAGGACACGGCCGTCTATTTCTGTGCAAGATGCA	True	IGH	76050	1008536	623321
V	JASFZM010000003.1	712395	+	CAGGTGCAGCTGCAGGAGTCGGGGCCCAGCCTGGTGAAGCCCTCGCAGACCCTCTCCCTCACCTGCACGGTCTCCGGATTCTCATTAACCAGCTATGGTGTAGGCTGGGTCCGCCAGACTCCAGGAAAGGGCCTGGAGTGGCTTGGTGTGATGGTTAGTGGTGGAAGCGCATATTATAACTCAGCCCTGAAGTCCCAGCTCAGCATCACCAGTGACACCTCCAAGAGCCAAGTCTCCATGTCACTGAGCAGCGTGACCCCCGGGGACAAGGCCGTCTATTACTGTGCAAGAGG	True	IGH	76050	1008536	636345
V	JASFZM010000003.1	730403	+	CAGGTGCAGCTGCAGGAGTCAGGGCCCAGCCTGGTGAAGCCCTCGCAAACCCTCTCCCTCACCTGCACGTTCTCCGGATTCTCAATAACCAGCTATGGTGTAACCTGGGTCCACCAGGCTCCAGGAAAGGGGCTGGAGTGGCTTGGTGCAGGTTATAGTGGAAGCGCATATTATAACCCAGCCCTGAAGTCCCGGCTCAGCATCACCAGTGACAACTCCAAGAGCCAAGTCTCCATGTCACTGAGCAGCGTGACCCCCGAGGACACGGCCGTCTATTACTGTGCGAAAGG	True	IGH	76050	1008536	654353
V	JASFZM010000003.1	734845	+	CAGGTGCAGCTGCAGGTGTCGGGGCCCAGCCTGGTGAAGCCCTCGCAGACCCTCTCCCTCACCTGCACGGTCTCCGGACTCTCAGTAACGAGCTATGCTGTAGGCTGGGTCCACCAGGCTCCAGGAAAGGGGCTGGAGTGTCTTGGTGCAGGTTATAGTGGAAGCGCGTATTATAACCCAGCCCTGAAGTCCCGGCTCAGCATCACCAGCGACACCTCCAAGAGCCAAGTCTCCATGTCACTGAGCAGCGTGACCCCCGAGGACACGGCCGTCTATTACTGTGCAAGATG	True	IGH	76050	1008536	658795
V	JASFZM010000003.1	752323	+	CAGGTGCAGCTGCAGGAGTCGGGGCCCAGCCTGGTGAAGCCCTCGCAGACCCTCTCCCTCACCTGCACGGTCTCCGGATTCTCAATTACCAGCTATAGTGTATACTGGATCCGCCAGGCTCCAGGAAAGGGGCTGGAGTGGCTTGGTGCTATGGGTAGTGGTGGAAGTGCATATTATAACTCAGCCCTGAAGTCCCGGCTCAGCATCACCAGGGACACCTCCAAGAGCCAAGTCTCCATGTCACTGAGCAGCGTGACCCCCGAGGACACGGCCGTCTATTACTGTGCAAAATG	True	IGH	76050	1008536	676273
V	JASFZM010000003.1	761849	+	CAGGTGCAGCTGCAGGAGTCGGGGCCCAGCCTGGTGAAGCCCTCGCAGACCCTCTCCCTCATCTGCACAGTCTCCGGATTCTCAATTACCAGCTATAGTGTAGGCTGGGTCCGCCAGGCTCCAGGAAAGGGCCTGGAGTACCTTGGTGCTATGGGTTATGGAGGAAGCGCATATAATAACTCAGCCCTGAAGTCCCGACTCAGCATCACCAGGGACACCTCCAAGAGCCAAGTCTCCATGTCACTGAGCAGCGTGACCCCGAGGACACGGCCAACTATTACTTTGCAAGAGG	True	IGH	76050	1008536	685799
V	JASFZM010000003.1	780623	+	GAGGAGCAGCTGGTGGCGTCTGGGGGAGGTTTGGTGCCGCCTGGGGGGTCTCTGAGTCTCTCCTGTGCATTTTCTAGATTTAGTTTTGAGGATTATGTCATGAGCTGGGTCCGCCAGGCTCCAGGGAGGGGGCTGGAGTGGGTCGCAGCCATTAGTGGTGATGGTAGTTACACATCCTATGCAGACGCCGTGAAGGGCCGATTCATCACCTGCATAAAGAAGTCCACTAACGAGTTGTGTCTGCACATGTACAATGTGACAAGTGAGGATACAGGCATGTATTACTGTGGAGGA	True	IGH	76050	1008536	704573
V	JASFZM010000003.1	787125	+	CAGGTGCAGCTGCAGGAGTCGGGGCCCAGCCTGGTGAAGCCCTCGCAGACCCTCTCCCTCACCTGCACGGTCTCCGGATTCTCAGTAACCAGCTATGCTGTAGGCTGGGTCCGCCAGGCTCCAGGAAAGGGGCTGGAGTGGCTTGGTGCAGGTTATAGTGGAAGCGCATATTATAACCCAGCCCTGAAGTCCCGGCTCAGCATCACCAGCGACACCTCCAAGAGCCAAGTCTCCATGTCACTGAGCAGCGTGACCCCCGAGGACACGGCCGTCTATTACTGTACAGACACA	True	IGH	76050	1008536	711075
V	JASFZM010000003.1	792962	+	GAGGAGCAGCTGGTGGAGTCTGGAGGAGGCTTGGTGCCGCCTGGGGGGTCTCTGAGACTCTCCTGTGCAGCTTCTGGATTCACCTTTGCTGATTTTGCCGTGAGCTGGTTCCGCCAGGCTCCAGGGAAGGGACTGGAGGGGGTCGCAGCCATTAGTGGTGATGCCAGTCAGGCTAAATACGCAGACGCTGTGAAGGGCCGCTTCACCATCTCCAGGGACAACGCCAAGAGCACGGCGACGCTGCAGATGAACAGCCTGAGAGCCGAGGACACGGCCGTGTACTACTGCGCCCGAGG	True	IGH	76050	1008536	716912
V	JASFZM010000003.1	830176	+	CAGGTGCAGCTGCAGGAGTCGGAGCCCAGCCTGGTGAAGCCCTCGCAAACCCTCTCCCTCACCTGCACGTTCTCCGGATTCTCAATAACCAGCTATGGTGTAAACTGGGTCCGCCAGGCTCCAGGAAAGGGGCTGGAGTGCCTTGGTGCAGGTTATAGCGGAAGCGCATATTATAACCCAGCCCTGAAGTCCCGGCTCAGCATCACCAGCGACACCTCCAAGAGCCAAGTCTCCATGTCACTGAGCAGCGTGACCCCCGAGGACACGGCCGTCTATTACTGTGCAAAATG	True	IGH	76050	1008536	754126
V	JASFZM010000003.1	836248	+	CAGGTGCAGCTGCAGGTGTCGGGGCCCAGCCTGGTGAAGCCCTCGCAGACCCTCTCCCTCACCTGCACGGTCTCCGGATTCTCAATAACCAGCTATGCTGTAGGCTGGGTCCGCCAGGCTCCAGGAAAGGAGCTGGAGTGCCTTGGTGCAGGTTATAGTGGAAGCGCATATTATAACCCAGCCCTGAAGTCCCGGCTCAGCATCACCAGCGACACCTCCAAGAGCCAAGTCTCCATGTCACTGAGCAGCGTGACCCCCGAGGACACGGCCGTCTATTACTGTGCGAAAGG	True	IGH	76050	1008536	760198
V	JASFZM010000003.1	841680	+	GACGTGACACTGCAGGAGTCGGGCCCAGGACTGGTGAAGCCCTCGCAGACCCTCACCCTCACCTGTGCTGTCTCTAGAGTCTCCATCACAACCAGTTATTATGGCTTCAGCTGGATCCTCCAGGCCTCGAGGAAGGGACTCGAGTGGATGAGGGGCATAGATTATGATGGTGACAAGTACTACAGCCCGTCCCTCAAGAGCCGCACCTCCATCTCCAGAGACACGTCCAAGAACCAGATCTCCCTGCAGCTGAGCTCTGTGACCCCCGAGGACACGGCCGTGTATTACTGTGCAAGCTG	True	IGH	76050	1008536	765630
V	JASFZM010000003.1	875965	+	AAGGTGCAGCTGCAGGAGTCGGGGCCCAGCCTGGTGAAGCCCTCGCAGACCCTCTCCCTCACCTGCACGGTCTCCGGATTCTCAATAACCAGCTACTGTGTAAGCTGGGTCCGCCAGGCTCCAGGAAAGGGGCTGGAGTACCTTGGTGCTATGGGTTATAGAGGAAGTGCATATTATAACCCAGCCCTGAAGTCCCGACTCAGCATCACCAGCGACACCTCCAAGAACCAAGTCTCCATGTCACTGAGCAGCGTGACCCCCGAGGACACGGCCGTGTATCACTGTGCAAGAGG	True	IGH	76050	1008536	799915
V	JASFZM010000003.1	881098	+	GACGTGACACTGCAGGAGTCGGGCCCAGGACTGGTGAAGCCCTCGCAGACCCTCTCCCTCACCTGTGCTGTCTCTGGAGTCTCCATCACAACCAGTTATTATGGCTACAGCTGGATCCGCCAGGCCTCGGGGAAGGGACTCGAGTGGATGGGGGGCATAGATTATGATGGTGACAAGTACTACAGCCCATCCCTCAAGAGCCGCACCTCCATCTCCAGAGACACGTCCAAGAACCAGATCTCCCTGCAGCTGAGCTCTGTGACCCCCGAGGACACGGCCGTGTATTACTGTGCAAGCTG	True	IGH	76050	1008536	805048
V	JASFZM010000003.1	887801	+	GAGGAGCAGCTGGTGGCGTCTGGAGGAGGCTTGCTGCCGCCTGGGGGGTCTCTGAGACTCTCCTGTGCAGCTTCTGGATTCACCTTTGCTGATCATGCCGTGAGCTGGTTCCGCCAGGCTCCAGGGAAGGGACTGGAGGGGGTCGCAGCCATTAGTGGTGATGGTAGTCACACATCCTATGCAGACGCCGTGAAGGGCGGATTCCCCATCTCCAGGGACAACTCCAAGAACACAGTGACTCTGCAAACACACAGCCTGGGAGCCGAGGACACAGCCGTGTATTACTGTGCACGTGA	True	IGH	76050	1008536	811751
V	JASFZM010000003.1	892339	+	CAGGTGCAGCTGCAGGAGTCGGGGCCCAGCCTGGTGAAGCCCTCGCAGACCCTCTCCCTCACCTGCACGGTCTCCGGATTCTCAGTAACCAGCTATGCTGTAGGCTGGGTCCGCCAGGCTCCAGGAAAGGGGCTGGAGTGGCTTGGTGCAGGTTATAGTGGAAGCGCATATTATAACCCAGCCCTGAAGTCCCGGCTCAGCATCACCAGCGACACCTCCAAGAGCCAAGTCTCCATGTCACTGAGCAGCGTGACCCCCGAGGACACGGCCGTCTATTACTGTACAGACACA	True	IGH	76050	1008536	816289
V	JASFZM010000003.1	898183	+	GAGGAGCAGCTGGTGGAGTCTGGAGGAGGCTTGGTGTCGCCTGGGGGGTCTCTGAGACTCTCCTGTGCAGCTTCTGGATTCACCTTTGCTGATTTTGCCGTGAGCTGGTTCCGCCAGGCTCCAGGGAAGGGACTGGAGGGGGTCGCAGCCATTAGTGGTGATGCCAGTCAGGCTAAATACGCAGACGCTGTGAAGGGCCGCTTCACCATCTCCAGGGACAACGCCAAGAGCACGGCGACGCTGCAGATGAACAGCCTGAGAGCCGAGGACACGGCCGTGTACTACTGCGCCCGAGG	True	IGH	76050	1008536	822133
V	JASFZM010000003.1	904714	+	CAGGTGCAGCTGCAGGAGTCGGGGCCCAGCCTGGTGAAGCCCTCGCAGACCCTCTCCCTCACCTGCACGGTCTCCGGATTCTCAGTTACCAGCTATGCTTTAGGCTGGGTCCGCCAGGCTCCAGGAAAGGGCCTGGAGTGGCTTGGTTCTATATTGAGTTTGATGGAGTATGAAGAAAGCACAATCTATAACCCAGCCCTGAAGTCCCGGCTCAGCATCACCAGCGACACCTCCAAGAGCCAAGTCTCCATGTCACTGAGCAGCGTGACCCCCGAGGACACGGCCGTCTATTACTGTACAGACA	True	IGH	76050	1008536	828664
V	JASFZM010000003.1	910587	+	GAGGAGCAGCTGGTGGAGTCTGGGGGAGGTTTGGTGCCGCCTGGGGGGTCTCTGAGACTCTACTGTGCATTTCCTGGATTTAGTTTTGAGGATTATGTCATGAGCTGGGTCCGCCAGGCTCCAGGGAGGGGGCTGGAGTGGGTCGCAGCCATTAGTGGTGATGGTAGTTACACATCCTATGCAGACGCCGTGAAGGGCCGATTCATCACCTGCATAAAGAAGTCCACTAACGAGTTGTGTCTGTGCATGCACAACATGACAGGCGAGGATACAGGCTTGTATTACTGCGGAGGA	True	IGH	76050	1008536	834537
V	JASFZM010000003.1	917089	+	CAGGTGCAGCTGCAGGAGTCGGGGCCCAGCCTGGTGAAGCCCTCGCAGACCCTCTCCCTCACCTGCACGGTCTCCGGATTCTCAGTTACCAGCTATGCTTTAGGCTGGGTCCGCCAGGCTCCAGGAAAGGGCCTGGAGTACCTTGGTGCTATGGGTTATAGAGGAAGCGCATATTATAACTCAGCCCTGAAGTCCCGGCTCAGCATCACCAGCGACAACTCCAAGAGCCAAGTCTCCATGTCACTGAGCAGCGTGACCCCCGAGGACACAGCCGTGTATTACTGTACAGGCA	True	IGH	76050	1008536	841039
V	JASFZM010000003.1	923012	+	GAGGAGCAGCTGGTGGAGGCTGGGGGAGGCTTGGTGCCACCTGGGGGGTCTCTGAGACTCTCCTGTGCAGCTTCTGGATTTAGTTTCGAGGATTATGCCATGAGCTGGGTCCGCCAGGCTCCAGGGAGGGGGCTGGAGTGGGTCGCAGCCATTAGTGGTGATGGTAGTCACACATCCTATGCAGACGCCGTGAAGGGCCGCTTCACCATCTCAAGGTACAACGCCCTGAGGGAGGTAATTCTGCAGACCAACAACCTGAGAGGAGAGGACTCAGGACTGTATTACTGCGGAGGAGGCGA	True	IGH	76050	1008536	846962
